511.272 
508.361 
567.935 
530.43  
525.673 
503.363 
499.495 
497.455 
447.349 
460.199 
459.565 
528.927 
569.477 
465.116 
519.109 
492.912 
540.589 
513.638 
499.535 
512.229 
491.722 
467.135 
467.743 
528.581 
535.605 
449.194 
482.783 
445.954 
455.238 
497.881 
486.977 
491.44  
458.262 
472.679 
498.631 
545.912 
564.643 
477.337 
543.313 
527.476 
537.102 
506.688 
491.684 
502.29  
461.7   
468.76  
482.149 
518.766 
546.055 
474.597 
530.492 
515.824 
494.547 
497.431 
538.297 
484.333 
433.624 
476.301 
482.931 
512.711 
516.505 
478.622 
550.407 
536.526 
533.621 
560.146 
601.277 
582.282 
499.493 
558.496 
554.287 
585.644 
606.652 
571.304 
627.925 
556.068 
594.906 
607.617 
610.096 
594.878 
513.259 
568.744 
561.307 
598.134 
629.798 
563.285 
628.987 
603.776 
642.247 
607.803 
611.214 
566.984 
513.212 
581.272 
526.466 
541.767 
591.525 
534.593 
585.345 
550.085 
606.593 
538.492 
565.999 
537.288 
487.111 
485.978 
456.086 
553.64  
596.138 
533.206 
564.564 
551.655 
610.254 
571.951 
593.682 
547.076 
482.163 
456.717 
492.906 
515.277 
505.15  
499.959 
558.005 
568.524 
558.724 
509.114 
526.262 
503.686 
443.376 
468.215 
482.866 
477.785 
444.97  
404.069 
455.78  
425.366 
435.516 
454.616 
436.066 
447.902 
396.469 
409.918 
401.771 
449.328 
476.543 
428.357 
459.464 
488.511 
527.649 
533.572 
525.246 
469.661 
431.895 
445.453 
455.854 
488.697 
470.089 
437.335 
508.207 
509.64  
557.612 
549.082 
524.613 
501.519 
447.111 
451.922 
460.811 
524.525 
514.255 
474.095 
510.691 
488.747 
522.597 
531.784 
523.858 
502.48  
479.391 
472.887 
484.745 
557.141 
537.035 
489.393 
524.494 
514.339 
567.464 
559.554 
561.835 
514.654 
464.168 
475.814 
484.901 
527.161 
590.884 
529.231 
553.158 
577.819 
611.342 
598.581 
568.553 
531.447 
478.075 
489.353 
515.797 
542.004 
592.16  
488.001 
574.76  
566.514 
594.208 
555.751 
562.032 
542.044 
483.318 
500.596 
503.177 
547.807 
597.548 
542.194 
604.394 
607.199 
668.768 
675.46  
646.244 
599.201 
531.925 
552.128 
551.737 
614.75  
626.672 
545.223 
625.284 
651.263 
693.147 
685.792 
645.637 
618.027 
570.906 
628.228 
642.567 
692.188 
684.564 
622.652 
696.585 
675.623 
732.65  
768.894 
717.52  
677.96  
641.005 
661.275 
695.959 
739.075 
755.268 
718.247 
826.703 
824.252 
844.606 
836.734 
804.736 
754.488 
688.692 
719.072 
747.237 
779.516 
773.134 
695.351 
796.681 
770.234 
812.443 
778.948 
750.086 
719.598 
650.584 
682.912 
686.847 
769.199 
797.741 
711.752 
779.063 
828.095 
869.011 
832.404 
823.306 
750.86  
705.477 
748.438 
767.298 
804.457 
829.869 
712.911 
864.628 
872.356 
869.197 
867.486 
834.722 
768.348 
722.945 
772.2   
816.738 
834.986 
828.681 
771.253 
837.363 
833.831 
827.082 
792.384 
818.218 
792.071 
742.598 
775.164 
827.127 
882.748 
875.547 
864.706 
941.808 
891.62  
902.057 
858.695 
870.521 
822.235 
788.537 
835.547 
835.455 
941.426 
926.412 
867.332 
1022.631
996.949 
1035.02 
990.744 
931.89  
873.973 
851.806 
924.195 
920.939 
958.763 
1002.149
949.482 
1032.644
1034.365
1062.977
1051.373
946.251 
958.223 
873.935 
912.293 
927.776 
970.499